a <- c(1,2,3,4,5)
a
b <- c(7,2,5,6,5)
b
a < b
a ==b

x <- c(5,50,29,87,12,2)
y <- c(10,2,23,28,21,45,90,12,34,87)
x+y

